# Created by Octave 7.1.0, Fri Apr 22 10:12:07 2022 GMT <unknown@LAPTOP-FHG9FG1S>
# name: A
# type: matrix
# rows: 2
# columns: 11
 6.5 9 14 10.5 12 6.5 2 3.5 0 5 6.5
 0 5 5.5 9 14 11.5 14 9 5.5 5 0


# name: B
# type: matrix
# rows: 3
# columns: 4
 1 0 0 10.031233766233768
 0 1 0 31.941508491508184
 0 0 1 -172.04395604395228


# name: L
# type: matrix
# rows: 3
# columns: 3
 1 0 0
 0.5 1 0
 0 -1 1


# name: M
# type: matrix
# rows: 25
# columns: 26
 1 1 0 5 1 1 3 0 9 0 5 9 6 7 2 5 6 2 3 8 2 5 2 6 4 1
 2 4 9 1 0 2 4 6 7 6 2 0 0 3 6 4 6 0 9 0 2 1 4 8 3 8
 1 3 6 6 8 9 1 7 5 3 3 5 6 4 8 8 5 1 0 1 5 1 0 1 6 7
 8 0 4 0 5 3 7 1 5 8 9 2 6 7 9 0 6 7 1 1 8 8 0 2 7 6
 6 2 9 6 8 2 0 7 2 4 1 6 3 4 2 8 4 4 2 3 7 7 9 7 7 4
 0 8 2 9 2 7 5 3 9 9 2 3 0 0 4 3 3 3 8 9 8 4 9 6 9 0
 1 6 2 4 3 8 3 5 3 3 0 0 1 3 5 9 6 7 6 4 4 3 8 1 4 3
 7 0 5 2 1 3 2 4 5 0 5 8 2 6 4 9 9 3 3 4 6 4 0 9 9 1
 1 6 6 7 3 4 4 1 3 4 1 7 1 2 3 3 7 6 4 7 9 3 5 1 4 0
 4 1 3 7 4 7 5 4 9 9 8 8 0 5 7 2 9 9 4 4 2 0 3 6 7 6
 9 3 3 5 6 2 5 3 6 4 5 4 5 5 7 4 0 1 9 3 9 1 7 3 4 8
 6 1 4 6 0 5 3 7 6 5 2 0 7 3 6 7 9 6 0 1 6 3 5 7 4 5
 4 2 2 5 4 2 4 4 0 2 3 5 6 7 5 5 9 8 6 3 6 0 2 8 4 2
 3 6 0 8 6 5 5 9 9 7 7 6 0 0 8 5 0 8 1 8 6 3 7 6 8 4
 6 6 6 5 9 6 2 8 6 3 9 1 7 7 2 2 1 6 2 6 8 4 1 6 9 5
 0 3 8 9 4 2 8 4 4 6 0 0 4 7 2 2 6 3 8 4 9 0 3 3 3 0
 7 3 4 8 3 1 3 8 2 0 0 0 1 1 0 4 4 8 8 4 2 4 2 5 7 2
 2 3 4 6 6 5 0 2 9 0 6 1 7 5 1 1 4 1 3 5 1 8 7 9 7 3
 4 0 6 8 5 9 7 5 3 9 9 2 2 6 8 6 7 3 0 0 1 4 1 1 0 1
 4 7 9 1 2 8 5 8 3 7 5 8 4 2 1 9 9 6 1 4 2 5 9 5 0 8
 0 7 7 7 9 8 7 5 0 9 5 5 6 4 8 6 4 7 5 3 3 6 3 1 7 5
 5 1 0 7 1 0 4 4 5 9 2 7 9 2 0 8 4 2 8 2 7 9 8 6 4 2
 4 7 8 5 5 9 7 4 2 2 0 1 0 9 1 6 5 4 3 4 8 1 3 3 5 5
 6 1 0 1 1 8 4 0 2 0 8 4 8 8 8 9 8 1 3 9 8 7 5 1 2 9
 2 5 3 4 5 0 9 9 4 0 0 6 6 7 4 7 8 3 1 6 5 0 7 2 2 9


# name: N
# type: matrix
# rows: 25
# columns: 26
 1 0 0 0 0 0 0 0 0 0 0 0 0 0 0 0 0 0 0 0 0 0 0 0 0 -0.22251201064744669
 0 1 0 0 0 0 0 0 0 0 0 0 0 0 0 0 0 0 0 0 0 0 0 0 0 -0.55816383541363557
 0 0 1 0 0 0 0 0 0 0 0 0 0 0 0 0 0 0 0 0 0 0 0 0 0 0.31696549076827779
 0 0 0 1 0 0 0 0 0 0 0 0 0 0 0 0 0 0 0 0 0 0 0 0 0 -0.14549399393648793
 0 0 0 0 1 0 0 0 0 0 0 0 0 0 0 0 0 0 0 0 0 0 0 0 0 -2.8502538813473892
 0 0 0 0 0 1 0 0 0 0 0 0 0 0 0 0 0 0 0 0 0 0 0 0 0 1.7650044845083845
 0 0 0 0 0 0 1 0 0 0 0 0 0 0 0 0 0 0 0 0 0 0 0 0 0 -0.45146973486496067
 0 0 0 0 0 0 0 1 0 0 0 0 0 0 0 0 0 0 0 0 0 0 0 0 0 2.8631967208085314
 0 0 0 0 0 0 0 0 1 0 0 0 0 0 0 0 0 0 0 0 0 0 0 0 0 -0.64509391687045103
 0 0 0 0 0 0 0 0 0 1 0 0 0 0 0 0 0 0 0 0 0 0 0 0 0 -0.98882587405102307
 0 0 0 0 0 0 0 0 0 0 1 0 0 0 0 0 0 0 0 0 0 0 0 0 0 -0.83555169394960904
 0 0 0 0 0 0 0 0 0 0 0 1 0 0 0 0 0 0 0 0 0 0 0 0 0 1.9994368538537592
 0 0 0 0 0 0 0 0 0 0 0 0 1 0 0 0 0 0 0 0 0 0 0 0 0 0.41635045524759196
 0 0 0 0 0 0 0 0 0 0 0 0 0 1 0 0 0 0 0 0 0 0 0 0 0 2.2376405162574073
 0 0 0 0 0 0 0 0 0 0 0 0 0 0 1 0 0 0 0 0 0 0 0 0 0 1.422380315293404
 0 0 0 0 0 0 0 0 0 0 0 0 0 0 0 1 0 0 0 0 0 0 0 0 0 -2.8346200609211119
 0 0 0 0 0 0 0 0 0 0 0 0 0 0 0 0 1 0 0 0 0 0 0 0 0 -1.4881304045662165
 0 0 0 0 0 0 0 0 0 0 0 0 0 0 0 0 0 1 0 0 0 0 0 0 0 0.04466345930381805
 0 0 0 0 0 0 0 0 0 0 0 0 0 0 0 0 0 0 1 0 0 0 0 0 0 0.56762493273974723
 0 0 0 0 0 0 0 0 0 0 0 0 0 0 0 0 0 0 0 1 0 0 0 0 0 -0.88089664306761672
 0 0 0 0 0 0 0 0 0 0 0 0 0 0 0 0 0 0 0 0 1 0 0 0 0 -0.016659737794902412
 0 0 0 0 0 0 0 0 0 0 0 0 0 0 0 0 0 0 0 0 0 1 0 0 0 0.97178979188640346
 0 0 0 0 0 0 0 0 0 0 0 0 0 0 0 0 0 0 0 0 0 0 1 0 0 1.1900242350874175
 0 0 0 0 0 0 0 0 0 0 0 0 0 0 0 0 0 0 0 0 0 0 0 1 0 -0.68892058509116583
 0 0 0 0 0 0 0 0 0 0 0 0 0 0 0 0 0 0 0 0 0 0 0 0 1 0.3037072986120819


# name: P
# type: matrix
# rows: 1
# columns: 4
 -3.8850038664884122e-05 0.72196636587993113 -2329.0575680829852 2087106.8401071746


# name: R
# type: matrix
# rows: 2
# columns: 2
 0 1
 1 0


# name: R1
# type: matrix
# rows: 2
# columns: 2
 0.70710678118654757 -0.70710678118654746
 0.70710678118654746 0.70710678118654757


# name: R2
# type: matrix
# rows: 2
# columns: 2
 -1 -1.2246063538223773e-16
 1.2246063538223773e-16 -1


# name: RD1
# type: matrix
# rows: 2
# columns: 11
 4.5961940777125596 2.8284271247461912 6.0104076400856545 1.0606601717798223 -1.4142135623730931 -3.535533905932736 -8.4852813742385695 -3.8890872965260108 -3.8890872965260108 4.4408920985006262e-16 4.5961940777125596
 4.5961940777125587 9.8994949366116654 13.788582233137674 13.788582233137676 18.384776310850235 12.727922061357855 11.313708498984761 8.8388347648318444 3.8890872965260117 7.0710678118654755 4.5961940777125587


# name: RD2
# type: matrix
# rows: 2
# columns: 11
 -6.5 -9 -14 -10.500000000000002 -12.000000000000002 -6.5000000000000018 -2.0000000000000018 -3.5000000000000009 -6.7353349460230749e-16 -5.0000000000000009 -6.5
 7.9599412998454522e-16 -4.9999999999999991 -5.4999999999999982 -8.9999999999999982 -13.999999999999998 -11.5 -14 -9 -5.5 -4.9999999999999991 7.9599412998454522e-16


# name: T
# type: matrix
# rows: 2
# columns: 2
 2 0
 0 2


# name: TA
# type: matrix
# rows: 2
# columns: 11
 13 18 28 21 24 13 4 7 0 10 13
 0 10 11 18 28 23 28 18 11 10 0


# name: TDR
# type: matrix
# rows: 2
# columns: 11
 0 10 11 18 28 23 28 18 11 10 0
 13 18 28 21 24 13 4 7 0 10 13


# name: U
# type: matrix
# rows: 3
# columns: 4
 2 -4 3 -1
 0 -1 3.5 1.5
 0 0 2.5 4.5


# name: X
# type: matrix
# rows: 12
# columns: 1
 1900
 1910
 1920
 1930
 1940
 1950
 1960
 1970
 1980
 1990
 2000
 2010


# name: Xdata
# type: matrix
# rows: 4
# columns: 1
 2
 3
 5
 8


# name: Y
# type: matrix
# rows: 12
# columns: 1
 1650
 1750
 1860
 2070
 2300
 2525
 3018
 3682
 4440
 5310
 6127
 6930


# name: Ydata
# type: matrix
# rows: 4
# columns: 1
 3
 4
 4
 5


# name: ans
# type: matrix
# rows: 3
# columns: 1
 0.14285714285714263
 0.14285714285714302
 2.7142857142857162


# name: b
# type: matrix
# rows: 3
# columns: 1
 78
 78
 16


# name: f
# type: matrix
# rows: 1
# columns: 100
 9 8.6400367309458215 8.2874196510560161 7.9421487603305794 7.6042240587695149 7.2736455463728182 6.9504132231404956 6.6345270890725434 6.3259871441689626 6.0247933884297522 5.7309458218549132 5.4444444444444429 5.1652892561983457 4.8934802571166198 4.6290174471992644 4.3719008264462804 4.1221303948576677 3.8797061524334251 3.6446280991735542 3.416896235078053 3.1965105601469235 2.9834710743801653 2.7777777777777772 2.5794306703397609 2.3884297520661155 2.204775022956841 2.0284664830119379 1.8595041322314048 1.6978879706152432 1.5436179981634528 1.3966942148760326 1.2571166207529842 1.1248852157943066 1 0.88246097337006435 0.77226813590449972 0.669421487603306 0.57392102846648263 0.485766758494031 0.40495867768595029 0.33149678604224053 0.26538108356290174 0.20661157024793392 0.15518824609733708 0.11111111111111091 0.074380165289256062 0.044995408631772191 0.022956841138659281 0.00826446280991734 0.00091827364554637118 0.00091827364554637118 0.00826446280991734 0.022956841138659281 0.044995408631772191 0.074380165289256062 0.11111111111111091 0.15518824609733708 0.20661157024793392 0.26538108356290174 0.33149678604224053 0.40495867768595029 0.485766758494031 0.57392102846648263 0.669421487603306 0.77226813590449972 0.88246097337006435 1 1.1248852157943066 1.2571166207529842 1.3966942148760326 1.5436179981634528 1.6978879706152432 1.8595041322314048 2.0284664830119379 2.204775022956841 2.3884297520661155 2.5794306703397609 2.7777777777777772 2.9834710743801653 3.1965105601469235 3.416896235078053 3.6446280991735542 3.8797061524334251 4.1221303948576677 4.3719008264462804 4.6290174471992644 4.8934802571166198 5.1652892561983457 5.4444444444444429 5.7309458218549132 6.0247933884297522 6.3259871441689626 6.6345270890725434 6.9504132231404956 7.2736455463728182 7.6042240587695149 7.9421487603305794 8.2874196510560161 8.6400367309458215 9


# name: m
# type: scalar
0.15478430962336653


# name: theta1
# type: scalar
0.78539816339744828


# name: theta2
# type: scalar
3.1415926535897931


