# Created by Octave 7.1.0, Wed Apr 13 18:08:01 2022 GMT <unknown@LAPTOP-FHG9FG1S>
# name: A
# type: matrix
# rows: 12
# columns: 3
 1900 1650 7.4085305668946262
 1910 1750 7.4673710669175595
 1920 1860 7.5283317667072467
 1930 2070 7.6353038862594147
 1940 2300 7.7406644019172415
 1950 2525 7.8339963417094598
 1960 3018 8.0123496393277946
 1970 3682 8.2112113617930227
 1980 4440 8.3984096554262706
 1990 5310 8.5773471142359838
 2000 6127 8.7204605127256549
 2010 6930 8.8436150921839491


